Webots Project File version R2021b
perspectives: 000000ff00000000fd00000002000000010000013a00000157fc0200000001fb0000001400540065007800740045006400690074006f00720100000016000001570000003f00ffffff00000003000004e200000039fc0100000001fb0000001a0043006f006e0073006f006c00650041006c006c0041006c006c0100000000000004e20000006900ffffff000003a60000015700000001000000020000000100000008fc00000000
simulationViewPerspectives: 000000ff000000010000000200000100000002c40100000002010000000100
sceneTreePerspectives: 000000ff0000000100000002000000c0000000fa0100000002010000000200
maximizedDockId: -1
centralWidgetVisible: 1
orthographicViewHeight: 1
textFiles: -1
consoles: Console:All:All
renderingDevicePerspectives: 101:camera;0;0.522606;0;0
renderingDevicePerspectives: 102:camera;0;0.522606;0;0
renderingDevicePerspectives: 103:camera;0;0.522606;0;0
